Rank 2 3 6 8 12 16 18 22 24 26 30 blah
O-10
O-9
O-8 666.67 666.67 666.67 666.67 666.67 666.67 666.67 666.67 666.67 666.67 666.67
O-7 500.0 500.0 500.0 500.0 500.0 500.0 500.0 500.0 500.0 500.0 500.0
O-6 291.67 306.25 320.83 335.42 350.0 364.58 379.17 393.75 408.33 483.33 500.0 
O-5 250.0 262.5 275.0 287.5 300.0 312.5 325.0 393.75 408.33 422.92 497.17 
O-4 200.0 210.0 220.0 230.0 240.0 312.5 325.0 337.5 408.33 422.92 437.5 
O-3 200.0 210.0 220.0 230.0 240.0 250.0 325.0 337.5 350.0 362.5 375.0 
O-2 166.67 175.0 183.33 191.67 240.0 250.0 260.0 270.0 280.0 290.0 300.0 
O-1 125.0 131.25 183.33 191.67 200.0 208.33 216.67 225.0 233.33 241.67 250.0 
E-9
E-8
E-7 126.00 132.30 138.60 144.90 151.20 157.50
E-6 84.00 88.20 92.40 96.60 100.80 105.00
E-5 72.00 75.60 79.20 82.80 86.40 90.00
E-4 54.00 56.70 59.40 62.10 64.80 67.50
E-3 42.00 44.10 46.20 48.30 50.40 52.50
E-2 30.00 31.50 33.00 34.50 36.00 37.50
E-1 21.00 22.05 23.10 24.15 25.20 26.25
