Rank 2 2 3 4 6 8 10 12 14 16 18 22 26 30 Allowance Dependent Dependent
O-10 926.25 954.75 
O-9 926.25 954.75  
O-8 926.25 954.75 
O-7 769.50 798.00 826.50 
O-6 570.00 584.25 612.75 641.25 669.75 698.25 
O-5 456.00 470.25 484.50 498.75 527.25 555.75 584.25 
O-4 384.75 399.00 413.25 427.50 441.75 456.00 484.50 498.75 513.00 
O-3 313.50 327.75 342.00 356.25 370.50 384.75 399.00 413.25 427.50 441.75 
O-2 249.38 263.63 277.88 292.13 306.38 320.63 334.88 349.13 
O-1 213.75 228.00 242.25 256.50 270.75 285.00 299.25 313.50 
W-4 320.10 334.65 349.20 363.75 378.30 392.85 407.40 421.95 436.50 451.05 465.60 
W-3 291.00 298.28 305.55 312.83 320.10 327.38 334.65 349.20 363.75 378.30 392.85 
W-2 254.63 261.90 269.18 276.45 283.73 291.00 305.55 320.10 334.65 349.20 
W-1 210.98 218.25 225.53 232.80 240.08 247.35 254.63 269.18 283.73 298.28 
E-7 198.45 205.80 213.15 220.50 227.85 235.20 242.55 249.90 264.60 279.30 294.00
E-6 169.05 176.40 183.75 191.10 205.80 213.15 220.50 235.20 249.90 259.90
E-5 139.65 147.00 154.35 161.70 169.05 175.81 183.46 191.10 198.74 206.39 236.96
E-4 117.60 124.95 132.30 139.65 147.00 154.35 161.70 169.05 176.40 191.10
E-3 95.55 102.90 110.25 117.60 124.95 132.30 139.65 147.00
E-2 82.50 90.00 97.50 105.00 112.50 120.00
E-1>4 80.00 87.50 95.00
E-1<4 75.00