Rank 2 2 3 4 6 8 10 12 14 16 18 22 26 30 Allowance Dependent Dependent
O-10 963.30 992.94 
O-9 963.30 992.94  
O-8 963.30 992.94 
O-7 800.28 829.92 859.56 
O-6 592.80 607.62 637.26 666.90 696.54 726.18 
O-5 474.24 489.06 503.88 518.70 548.34 577.98 607.62 
O-4 400.14 414.96 429.78 444.60 459.42 474.24 503.88 518.70 533.52 
O-3 326.04 340.86 355.68 370.50 385.32 400.14 414.96 429.78 444.60 459.42 
O-2 259.36 274.18 289.00 303.82 318.64 333.46 348.28 363.10 
O-1 222.30 237.12 251.94 266.76 281.58 296.40 311.22 326.04 
W-4 332.90 348.04 363.17 378.30 393.43 408.56 423.70 438.83 453.96 469.09 484.22 
W-3 302.64 310.21 317.77 325.34 332.90 340.48 348.04 363.17 378.30 393.43 408.56 
W-2 264.82 272.38 279.95 287.51 295.08 302.64 317.77 332.90 384.04 363.17 
W-1 219.42 226.98 234.55 242.11 249.68 257.24 264.82 279.95 295.08 310.21 
E-7 206.39 214.03 221.68 229.32 236.96 244.61 252.25 259.90 275.18 290.47 305.76 
E-6 175.81 183.46 191.10 198.74 206.39 214.03 221.68 229.32 244.61 259.90 
E-5 145.24 152.88 160.52 168.17 175.81 183.46 191.10 198.74 206.39 221.68 236.96 
E-4 122.30 129.95 137.59 145.24 152.88 160.52 168.17 175.81 183.46 198.74 
E-3 99.37 107.02 114.66 122.30 129.95 137.59 145.24 152.88 
E-2 85.80 93.60 101.40 109.20 117.00 124.80 
E-1>4 83.20 91.00 98.80 
E-1<4 78.00 