Rank 2 2 3 4 6 8 10 12 14 16 18 20 22 26 30 Allowance Subsistence Dependent Dependent
O-10 963.30 1,021.80 1,276.40 
O-9 963.30 1,021.80 1,176.40 
O-8 963.30 1,021.80 1,076.40 
O-7 800.28 850.00 904.80 967.20 
O-6 592.80 631.80 655.20 717.60 748.80 780.00 811.20 
O-5 474.24 507.00 530.40 561.60 577.20 608.40 639.60 670.80 
O-4 400.14 429.00 452.40 483.60 499.20 514.80 530.40 561.60 577.20 592.80 
O-3 326.04 351.00 374.40 405.60 421.20 436.80 452.40 468.00 483.60 499.20 514.80 
O-2 259.36 274.18 335.40 351.00 366.60 382.20 397.80 413.40 
O-1 222.30 237.12 296.40 312.00 327.60 343.20 358.80 374.40 
W-4 332.90 354.90 370.50 386.10 401.70 421.20 452.40 468.00 483.60 499.20 514.20 530.40 
W-3 302.64 323.70 331.50 339.30 347.10 358.80 374.40 382.20 405.60 428.00 443.60 459.20 
W-2 264.82 280.80 288.60 304.20 319.80 335.40 350.00 357.80 373.40 389.40 404.60 420.20 
W-1 219.42 251.20 266.80 286.30 294.10 305.80 313.60 321.40 337.00 352.60 368.20 
E-7 206.39 222.30 230.10 237.90 253.50 261.30 273.00 280.80 288.60 304.20 319.80 335.40 
E-6 175.81 187.20 195.00 214.50 222.30 234.00 241.80 249.60 257.40 273.00 288.60 
E-5 145.24 163.80 183.30 191.10 202.80 210.60 218.40 226.20 234.00 241.80 257.50 
E-4 122.30 140.40 159.90 167.70 179.40 187.20 195.00 202.80 210.60 218.40 
E-3 99.37 117.00 132.60 140.40 148.20 156.00 159.90 163.80 
E-2 85.80 101.40 109.20 117.00 124.80 132.60 
E-1>4 83.20 98.80 106.60 
E-1<4 78.00 