Rank 2 2 3 4 6 8 10 12 14 16 18 20 22 26 30 Allowance Subsistence Dependent Dependent
O-10 1,200.00 1,250.00 1,300.00 1,400.00 1,500.00 1,600.00 1,700.00 
O-9 1,063.30 1,100.00 1,122.00 1,150.00 1,200.00 1,300.00 1,400.00 1,500.00 
O-8 963.30 1,000.00 1,022.00 1,100.00 1,150.00 1,200.00 1,250.00 1,300.00 1,350.00 
O-7 800.28 860.00 900.00 950.00 1,000.00 1,100.00 1,175.00 
O-6 592.80 628.00 670.00 690.00 800.00 840.00 860.00 910.00 985.00 
O-5 474.24 503.00 540.00 560.00 590.00 630.00 680.00 720.00 745.00 775.00 
O-4 400.14 424.00 455.00 465.00 485.00 520.00 550.00 570.00 610.00 630.00 
O-3 326.04 346.00 372.00 415.00 440.00 460.00 480.00 510.00 525.00 
O-2 259.36 291.00 360.00 370.00 380.00 
O-1 222.30 251.00 314.00 
O-3E 415.00 440.00 460.00 480.00 510.00 535.00 
O-2E 370.00 380.00 395.00 415.00 435.00 450.00 
O-1E 314.00 335.00 350.00 365.00 380.00 400.00 
W-4 332.90 376.00 383.00 399.00 416.00 435.00 465.00 486.00 504.00 516.00 528.00 543.00 575.00 595.00 
W-3 302.64 343.00 348.00 353.00 380.00 398.00 412.00 427.00 441.00 458.00 470.00 487.00 506.00 
W-2 264.82 298.00 307.00 328.00 342.00 355.00 369.00 381.00 393.00 406.00 417.00 440.00 
W-1 219.42 266.00 285.00 299.00 313.00 334.00 345.00 354.00 364.00 375.00 390.00 
E-9 380.00 390.00 400.00 410.00 420.00 430.00 440.00 
E-8 310.00 320.00 330.00 340.00 350.00 360.00 370.00 380.00 
E-7 206.39 236.00 250.00 260.00 270.00 285.00 300.00 310.00 325.00 340.00 350.00 
E-6 175.81 200.00 225.00 235.00 245.00 255.00 265.00 275.00 280.00 290.00 
E-5 145.24 180.00 205.00 210.00 220.00 240.00 
E-4 122.30 150.00 160.00 170.00 180.00 190.00 
E-3 99.37 124.00 141.00 
E-2 85.80 108.00 
E-1>4 83.20 105.00 
E-1<4 78.00 