Rank 2 2 3 4 6 8 10 12 14 16 18 20 22 26 Allowance Subsistence Dependent Dependent
O-10 1,380.00 1,428.90 1,483.20 1,597.20 1,711.20 1,825.20 1,939.50 
O-9 1,223.10 1,254.90 1,282.20 1,314.60 1,368.90 1,483.20 1,597.20 1,711.20 41
O-8 1,107.90 1,140.90 1,167.90 1,254.90 1,314.60 1,368.90 1,428.90 1,483.20 1,542.90 
O-7 920.40 983.40 1,026.90 1,086.60 1,140.90 1,254.90 1,341.90 
O-6 681.90 749.70 798.60 825.90 956.10 1,005.00 1,026.90 1,086.60 1,178.70 
O-5 545.40 641.10 684.60 706.20 744.00 793.20 852.90 901.80 928.80 961.50 
O-4 460.20 559.80 597.60 608.40 635.70 678.90 717.00 749.70 782.40 804.00 
O-3 427.80 477.90 510.60 565.20 592.20 613.80 646.50 678.90 695.40 
O-2 342.60 407.40 489.00 505.20 516.00 
0-1 294.60 325.80 407.40 
O-3E 565.20 592.20 613.80 646.50 678.90 706.20 
O-2E 505.20 516.00 532.20 559.80 581.40 597.60 
O-1E 407.40 434.70 450.90 467.10 483.30 505.20 
W-4 435.60 467.10 477.90 499.80 521.40 543.00 581.40 608.40 630.30 646.50 668.10 690.00 744.00 
W-3 396.00 429.30 434.70 440.10 472.50 499.80 516.00 532.20 548.40 565.20 586.80 608.40 630.30 
W-2 346.50 375.00 385.80 407.40 429.30 445.50 461.70 477.90 494.40 510.60 526.80 548.40 
W-1 288.90 331.50 358.80 375.00 391.20 407.40 423.90 440.10 456.30 472.50 489.00 
E-9 494.70 506.10 517.80 529.20 540.60 551.70 580.50 636.90 
E-8 415.20 426.60 438.00 449.40 460.80 472.20 483.60 512.10 568.80 
E-7 261.00 312.90 324.30 335.70 347.10 358.20 369.60 381.30 398.40 409.50 420.90 426.60 455.10 512.10 
E-6 225.00 273.00 284.40 295.80 307.50 318.60 330.00 347.10 358.20 369.60 375.60 70.20 110.10 
E-5 194.10 239.10 250.50 261.60 278.70 290.10 301.50 312.90 318.60 70.20 105.00 
E-4 165.50 204.90 216.00 233.10 244.80 70.20 105.00 
E-3 117.90 164.70 176.40 187.80 55.20 83.10 
E-2 97.50 136.50 55.20 55.20 
E-1>4 93.90 125.10 55.20 55.20 
E-1<4 87.90 55.20 55.20 