Rank 2 2 3 4 6 8 10 12 14 16 18 20 22 26 
O-10 1,956.90 2,025.90 2,103.30 2,264.70 2,426.70 2,588.70 2,750.40 
O-9 1,734.30 1,779.90 1,818.00 1,863.90 1,941.30 2,103.30 2,264.70 2,426.70 
O-8 1,570.80 1,617.90 1,656.60 1,779.90 1,863.90 1,941.30 2,025.90 2,103.30 2,188.20 
O-7 1,305.00 1,394.10 1,456.20 1,540.80 1,617.90 1,779.90 1,902.30 
O-6 967.20 1,063.20 1,132.50 1,170.90 1,356.00 1,425.30 1,456.20 1,540.80 1,671.30 
O-5 773.40 909.00 971.10 1,001.10 1,054.50 1,125.00 1,209.30 1,278.60 1,317.00 1,363.50 
O-4 652.50 793.80 847.50 862.50 901.20 962.40 1,016.70 1,063.20 1,109.40 1,140.30 
O-3 606.30 677.70 723.90 801.60 839.70 870.00 916.80 962.40 985.80 
O-2 486.00 577.20 693.30 716.40 731.40 
O-1 417.60 462.60 577.20 
O-3E 801.60 839.70 870.00 916.80 962.40 1,001.10 
O-2E 716.40 731.40 754.50 793.80 824.70 847.50 
O-1E 577.20 616.50 639.60 662.40 685.50 716.40 
W-4 617.40 662.40 677.70 708.30 739.50 770.10 824.70 862.50 893.40 916.80 947.40 978.60 1,054.50 
W-3 561.30 609.00 616.50 624.00 669.60 708.30 731.40 754.50 777.30 801.60 832.20 862.50 893.40 
W-2 491.70 531.60 547.20 577.20 609.00 632.10 654.90 677.70 701.10 723.90 747.00 777.30 
W-1 409.50 469.80 508.80 531.60 554.70 577.20 600.90 624.00 647.10 669.60 693.30 
E-9 701.40 717.60 734.10 750.30 767.10 782.10 823.50 903.60 
E-8 588.60 605.10 621.00 637.50 653.70 669.30 685.80 726.30 807.00 
E-7 369.90 443.40 459.90 476.10 492.30 507.90 524.10 540.90 564.90 580.80 597.00 605.10 645.60 726.30 
E-6 318.90 387.30 403.20 419.70 435.90 451.80 468.30 492.30 507.90 524.10 532.50 
E-5 275.40 339.30 355.50 371.10 395.40 411.60 427.80 443.40 451.80 
E-4 231.60 290.10 306.60 330.60 347.10 60.00 5 90
E-3 167.70 233.70 249.90 266.40 
E-2 138.30 193.50 
E-1>4 133.20 177.00 
E-1<4 124.50 