Rank 2 2 3 4 6 8 10 12 14 16 18 20 22 26 
O-10 2,841.00 2,940.90 3,053.70 3,150.00 
O-9 2,517.90 2,584.20 2,639.10 2,706.00 2,818.20 3,053.70 3,150.00 
O-8 2,280.60 2,349.00 2,404.80 2,584.20 2,706.00 2,818.20 2,940.90 3,053.70 3,150
O-7 1,894.80 2,024.10 2,114.40 2,237.40 2,349.00 2,584.20 2,761
O-6 1,404.60 1,543.50 1,644.00 1,699.80 1,968.90 2,069.70 2,114.40 2,237.40 2,426
O-5 1,123.20 1,319.40 1,410.30 1,453.50 1,530.90 1,633.20 1,755.90 1,856.70 1,912.50 1,979
O-4 947.10 1,152.60 1,230.30 1,252.50 1,308.30 1,397.10 1,476.00 1,543.50 1,610.70 1,655.40 
O-3 880.20 983.70 1,051.50 1,163.70 1,219.20 1,263.30 1,330.80 1,397.10 1,431.30 
O-2 767.10 838.20 1,006.80 1,040.40 1,062.30 
O-10 666.00 693.30 838.20 
O-3E 1,163.70 1,219.20 1,263.30 1,330.80 1,397.10 1,453.50 
O-2E 1,040.40 1,062.30 1,095.90 1,152.60 1,197.30 1,230.30 
O-1E 838.20 894.90 928.20 961.80 995.40 1,040.40 
W-4 896.40 961.80 983.70 1,028.70 1,073.70 1,118.70 1,197.30 1,252.50 1,296.90 1,330.80 1,374.90 1,420.80 1,530.90 
W-3 815.10 884.10 894.90 905.70 972.00 1,028.70 1,062.30 1,095.90 1,128.60 1,163.70 1,208.40 1,252.50 1,296.90 
W-2 713.70 771.90 794.40 838.20 884.10 917.40 950.70 983.70 1,018.20 1,051.50 1,084.80 1,128.60 
W-1 594.60 681.90 738.60 771.90 805.50 838.20 872.70 905.70 939.30 972.00 1,006.80 
E-9 1,018.50 1,041.60 1,065.30 1,089.90 1,113.90 1,135.80 1,195.80 1,311.60 
E-8 854.70 878.40 901.80 925.50 949.50 971.70 995.70 1,053.90 1,171.80 
E-7 596.70 643.80 667.80 691.20 715.20 737.40 760.80 784.80 820.20 843.20 867.00 878.40 937.50 1,053.90 
E-6 515.40 561.90 585.30 609.60 632.70 656.10 679.80 715.20 737.40 760.80 772.80 
E-5 452.40 492.60 516.30 538.80 573.90 597.30 621.30 643.80 656.10 
E-4 435.00 459.30 486.00 524.10 544.50 
E-3 418.20 441.30 459.00 477.00 
E-2 402.60 
E-1 361.20 