Rank 2 2 3 4 6 8 10 12 14 16 18 20 22 26 Partial Dependent Dependent
O-10 3,942.90 4,081.50 4,176.00 
O-9 3,494.40 3,586.20 3,662.40 3,755.70 3,911.70 4,176.00 
O-8 3,165.00 3,259.80 3,337.20 3,586.20 3,755.70 3,911.70 4,081.50 4,176.00 
O-7 2,629.80 2,808.90 2,934.60 3,105.00 3,259.80 3,586.20 3,832.50 
O-6 1,949.40 2,142.00 2,281.80 2,359.20 2,732.70 2,872.50 2,934.60 3,105.00 3,367.50 
O-5 1,559.10 1,830.90 1,957.20 2,016.90 2,124.90 2,267.10 2,436.90 2,577.00 2,654.70 2,747.40 
O-4 1,314.30 1,599.90 1,707.00 1,738.20 1,815.60 1,939.20 2,048.40 2,142.00 2,235.60 2,297.70 
O-3 1,221.30 1,365.30 1,459.50 1,614.90 1,692.00 1,753.20 1,847.40 1,939.20 1,986.90 
O-2 1,064.70 1,163.10 1,397.10 1,444.20 1,474.20 
O-1 924.30 962.10 1,163.10 
O-3E 1,614.90 1,692.00 1,753.20 1,847.40 1,939.20 2,016.90 
O-2E 1,444.20 1,474.20 1,521.00 1,599.90 1,661.40 1,707.00 
O-1E 1,163.10 1,242.30 1,288.20 1,334.70 1,381.20 1,444.20 
W-4 1,244.10 1,334.70 1,365.30 1,427.40 1,490.40 1,552.80 1,661.40 1,738.20 1,799.70 1,847.40 1,907.70 1,971.60 2,124.90 
W-3 1,131.00 1,226.70 1,242.30 1,257.00 1,348.80 1,427.40 1,474.20 1,521.00 1,566.60 1,614.90 1,677.30 1,738.20 1,799.70 
W-2 990.60 1,071.30 1,102.50 1,163.10 1,226.70 1,272.90 1,319.70 1,365.30 1,413.00 1,459.50 1,505.70 1,566.60 
W-1 825.30 946.20 1,025.10 1,071.30 1,117.50 1,163.10 1,211.10 1,257.00 1,303.20 1,348.80 1,397.10 
E-9 1,413.60 1,445.70 1,478.40 1,512.60 1,546.20 1,576.20 1,659.30 1,820.40 
E-8 1,185.90 1,219.20 1,251.60 1,284.30 1,317.90 1,348.50 1,381.50 1,462.80 1,626.00 
E-7 828.00 893.70 927.00 959.10 992.10 1,023.30 1,056.30 1,089.00 1,138.20 1,170.60 1,203.60 1,219.20 1,301.10 1,462.80 
E-6 715.20 779.70 812.40 846.60 878.10 910.20 943.50 992.10 1,023.30 1,056.30 1,072.20 
E-5 627.90 683.40 716.40 747.60 796.50 828.90 862.20 893.70 910.20 
E-4 603.60 637.50 674.10 727.20 756.00 
E-3 580.50 612.30 636.90 662.10 
E-2 558.60 
E-1 501.30 