Rank 2 2 3 4 6 8 10 12 14 16 18 20 22 26 Partial Dependent Dependent
O-10 5,069.40 5,247.90 5,449.20 5,724.90 
O-9 4,493.10 4,610.70 4,708.80 4,828.50 5,029.50 5,449.20 5,724.90 
O-8 4,069.50 4,191.30 4,290.90 4,610.70 4,828.50 5,029.50 5,247.90 5,449.20 5,667.60 
O-7 3,381.60 3,611.40 3,773.10 3,992.10 4,191.30 4,610.70 4,927.50 
O-6 2,506.20 2,753.70 2,934.00 3,033.60 3,513.30 3,693.00 3,773.10 3,992.10 4,329.60 
O-5 2,004.60 2,354.10 2,516.40 2,592.90 2,732.10 2,915.10 3,133.20 3,313.20 3,413.40 3,532.50 
O-4 1,689.60 2,057.40 2,194.80 2,235.30 2,334.30 2,493.30 2,633.70 2,753.70 2,874.60 2,954.10 
O-3 1,570.20 1,755.30 1,876.50 2,076.30 2,175.60 2,254.20 2,375.70 2,493.30 2,554.80 
O-2 1,369.20 1,495.20 1,796.10 1,856.70 1,895.70
O-1 1,188.60 1,237.50 1,495.20 
O-3E 2,076.30 2,175.60 2,254.20 2,375.70 2,493.30 2,592.90
O-2E 1,856.70 1,895.70 1,955.70 2,057.40 2,136.00 2,194.80 
O-1E 1,495.20 1,597.20 1,656.00 1,716.00 1,775.70 1,856.70 
W-4 1,599.60 1,716.00 1,755.30 1,835.10 1,916.10 1,996.50 2,136.00 2,235.30 2,313.90 2,375.70 2,452.50 2,534.70 2,732.10 
W-3 1,453.80 1,577.10 1,597.20 1,616.10 1,734.30 1,835.10 1,895.70 1,955.70 2,014.20 2,076.30 2,157.00 2,235.30 2,313.90 
W-2 1,273.50 1,377.60 1,417.80 1,495.20 1,577.10 1,636.80 1,696.80 1,755.30 1,816.80 1,876.50 1,935.90 2,014.20 
W-1 1,061.10 1,216.50 1,317.90 1,377.60 1,436.70 1,495.20 1,557.30 1,616.10 1,675.80 1,734.30 1,794.10 
E-9 1,860.60 1,902.90 1,945.80 1,990.50 2,034.90 2,074.50 2,183.70 2,395.80 
E-8 1,560.60 1,605.00 1,647.00 1,690.20 1,734.60 1,774.80 1,818.30 1,925.10 2,139.90 
E-7 1,089.60 1,176.00 1,219.80 1,262.40 1,305.60 1,347.00 1,390.20 1,433.40 1,498.20 1,540.80 1,584.00 1,604.70 1,712.40 1,925.10 
E-6 937.20 1,021.80 1,064.40 1,109.70 1,150.80 1,192.80 1,236.60 1,300.20 1,341.00 1,384.20 1,405.20 
E-5 822.60 895.50 938.70 979.80 1,044.00 1,086.30 1,129.80 1,171.20 1,192.80 
E-4 767.40 810.30 857.70 924.60 960.90 
E-3 723.00 762.30 793.20 824.70 
E-2 695.40 
E-1>4 620.40 
E-1<4 573.60 