Rank 2 2 3 4 6 8 10 12 14 16 18 20 22 26 Partial Dependent Dependent
O-10 5,916.30 6,124.50 -1 -1 -1 6,359.40 -1 6711.90 -1 7122.60 -1 7125.00 -1 7558.50
O-9 5,243.40 5,380.80 5,495.40 -1 -1 5,635.20 -1 5,869.80 -1 6,359.40 -1 6711.90 -1 7122.60 -1 
O-8 4,749.30 4,891.50 5,007.60 -1 -1 5,380.80 -1 5,635.20 -1 5,869.80 6,124.50 6,359.40 6,516.00
O-7 3,946.20 4,214.40 4,403.40 4,658.70 4,891.50 5,380.80 5,751.00 50.70 781.80 635.40
O-6 2,925.00 3,213.60 3,424.20 3,540.30 4,100.10 4,309.50 4,403.40 4,658.70 5,052.60 39.60 704.40 582.90
O-5 2,339.10 2,746.80 2,936.70 3,025.50 3,188.10 3,402.00 3,656.70 3,866.40 3,983.40 4,122.60 33.00 678.60 561.30
O-4 1,971.90 2,401.20 2,561.40 2,608.80 2,724.00 2,909.70 3,073.20 3,213.60 3,354.60 3,447.30 26.70 598.50 520.20
O-3E 1,832.40 2,048.70 2,190.30 2,423.40 2,539.20 2,630.40 2,772.60 2,909.70 2,981.40 22.20 495.30 417.00
O-2E 1,597.80 1,745.10 2,096.40 2,166.90 2,212.20 
O-1 1,387.20 1,444.20 1,745.10 
O-3E 2,423.40 2,539.20 2,630.40 2,772.60 2,909.70 3,025.50 
O-2E 2,166.90 2,212.20 2,282.10 2,401.20 2,493.00 2,561.40 
O-1E 1,745.10 1,864.20 1,932.90 2,002.80 2,072.70 2,166.90 
W-4 1,866.90 2,002.80 2,048.70 2,141.70 2,236.20 2,330.10 2,493.00 2,608.80 2,700.30 2,772.60 2,862.30 2,958.00 3,188.10 
W-3 1,696.80 1,840.50 1,864.20 1,885.80 2,023.80 2,141.70 2,212.20 2,282.10 2,350.20 2,423.40 2,517.60 2,608.80 2,700.30 
W-2 1,485.90 1,607.70 1,654.80 1,745.10 1,840.50 1,910.40 1,980.30 2,048.70 2,120.70 2,190.30 2,259.30 2,350.20 
W-1 1,238.10 1,419.60 1,538.10 1,607.70 1,677.00 1,745.10 1,817.10 1,885.80 1,956.30 2,023.80 2,096.40 
E-9 2,171.70 2,220.60 2,271.00 2,322.90 2,374.80 2,421.00 2,548.20 2,796.00 
E-8 1,821.30 1,873.20 1,922.70 1,972.50 2,024.70 2,071.20 2,122.20 2,246.70 2,496.90 
E-7 1,271.40 1,372.50 1,423.50 1,473.30 1,523.40 1,572.00 1,622.40 1,672.80 1,748.70 1,798.20 1,848.30 1,872.30 1,998.00 2,446.70 
E-6 1,094.10 1,192.20 1,242.00 1,294.80 1,343.10 1,391.70 1,443.00 1,517.40 1,564.80 1,615.50 1,640.10 
E-5 960.00 1,044.90 1,095.60 1,143.30 1,218.30 1,268.10 1,318.50 1,366.80 1,391.70
E-4 895.50 945.60 1,001.10 1,078.80 1,121.40
E-3 843.60 889.80 925.50 962.10 
E-2 811.80
E-1>4 
E-1<4 