Rank 2 2 3 4 6 8 10 12 14 16 18 20 22 24 26 Partial Dependent Dependent
O-10 6,978.30 7,223.70 -1 -1 -1  7,501.20 -1 7,916.70 -1 8,482.80 -1 9051.00 -1 -1 9614.70 
O-9 6,184.50 6,346.50 6,481.80 -1 -1 6,646.50 -1 6,923.10 -1 7,501.20 -1 7,916.70 -1 -1 8,482.80 
O-8 5,601.60 5,769.60 5,906.40 -1 -1 6,346.50 -1 6,646.50 -1 6,923.10 7,223.70 7,501.20 7,686.00 
O-7 4,654.50 4,971.00 -1 -1 5,193.90 -1 5,494.80 -1 5,769.60 6,346.50 6,783.00 
O-6 3,449.70 3,790.20 4,038.60 -1 -1 -1 -1 4,176.00 4,836.30 5,082.90 5,193.90 5,494.80 5,680.80 5,959.50 
O-5 2,759.10 3,239.70 3,463.80 -1 -1 -1 3,568.50 3,760.80 4,012.80 4,313.10 4,560.00 4,698.60 4,862.70 
O-4 2,325.60 2,832.00 3,021.00 -1 3,077.10 3,212.70 3,432.00 3,624.90 3,790.20 3,956.70 4,065.60 
O-3E 2,161.20 2,416.50 2,583.30 2,858.10 2,994.90 3,102.30 3,270.30 3,432.00 3,516.30 
O-2 1,884.60 2,058.00 2,472.90 2,556.00 2,608.80 
O-3E -1 -1 -1 2,858.10 2,994.90 3,102.30 3,270.30 3,432.00 3,568.50 
O-2E -1 -1 -1 2,556.00 2,608.80 2,691.60 2,832.00 2,940.60 3,021.00 
O-1E -1 -1 -1 2,058.00 2,199.00 2,280.00 2,362.50 2,444.40 2,556.00 
W-5 3,757.80 3,900.30 4,013.10 4,182.00 25.20 681.30 623.40
W-4 2,202.00 2,362.50 -1 2,416.50 2,526.30 2,637.60 2,748.30 2,940.60 3,077.10 3,185.10 3,270.30 3,375.90 3,489.00 3,597.60 3,760.80 25.20 624.60 553.80
W-3 2,001.30 2,170.80 -1 2,199.00 2,224.50 2,387.40 2,526.30 2,608.80 2,691.60 2,772.00 2,858.10 2,969.70 3,077.10 3,185.10 20.70 572.40 465.30
W-2 1,752.90 1,896.30 -1 1,951.50 2,058.00 2,170.80 2,253.30 2,335.80 2,416.50 2,501.40 2,583.30 2,664.60 2,772.00 15.90 526.50 413.10
W-1 1,460.10 1,674.30 -1 1,814.10 1,896.30 1,977.60 2,058.00 2,143.20 2,224.50 2,307.30 2,387.40 2,472.90 13.80 455.40 345.90
E-9 2,561.70 2,619.00 2,678.40 2,739.90 2,801.40 2,855.70 3,005.40 3,122.40 3,297.90 
E-8 2,148.00 2,209.80 2,268.00 2,326.80 2,388.30 2,442.90 2,502.90 2,649.90 2,768.10 2,945.10 
E-7 1,499.70 1,619.10 1,678.80 1,737.90 1,797.00 1,854.30 1,913.70 1,973.40 2,062.50 2,121.00 2,179.80 2,208.30 2,356.50 2,473.80 2,649.90 
E-6 1,290.30 1,406.40 1,464.90 1,527.30 1,584.60 1,641.60 1,701.90 1,789.50 1,845.60 1,905.30 1,934.10 
E-5 1,132.20 1,232.40 1,292.40 1,348.50 1,437.30 1,495.80 1,554.90 1,612.20 1,641.60 
E-4 1,056.00 1,115.40 1,181.10 1,272.00 1,322.40 
E-3 995.10 1,049.70 1,091.40 1,134.60
E-2 957.60 
E-1>4 854.40 6.90 328.50 183.90
E-1<4 790.20 6.90 328.50 183.90