Rank 2 2 3 4 6 8 10 12 14 16 18 20 22 24 26 
O-10 8,214.90 8,503.80 -1 -1 -1 8,830.20 -1 9,319.50 -1 9,986.40 -1 10,655.10 -1 -1 11,318.40
O-9 7,280.70 7,471.50 7,630.50 -1 -1 7,824.60 -1 8,150.10 -1 8,830.20 -1 9,319.50 -1 -1  9,986.40
O-8 6,594.30 6,792.30 6,953.10 -1 -1 7,471.50 -1 7,824.60 -1 8,150.10 -1 8,503.80 -1 8,830.20 9,048.00 
O-7 5,479.50 5,851.80 -1 6,114.60 -1 6,468.90 -1 6,792.30 7,471.50 7,985.40
O-6 4,061.10 4,461.60 4,754.40 -1 -1 -1 -1 4,916.10 5,693.10 5,983.80 6,114.60 6,468.90 6,687.30 7,015.50 
O-5 3,248.40 3,813.90 4,077.90 -1 -1 -1 4,200.30 4,427.10 4,723.80 5,077.50 5,368.20 5,531.10 5,724.60 
O-4 2,737.80 3,333.90 3,556.20 -1 3,622.20 3,781.80 4,040.40 4,267.50 4,461.60 4,658.10 4,785.90 
O-3 2,544.00 2,844.30 3,041.10 3,364.80 3,525.90 3,652.20 3,850.20 4,040.40 4,139.10 
O-2 2,218.80 2,423.10 2,910.90 3,009.00 3,071.10 
O-1 1,926.30 2,004.90 2,423.10 
O-3E -1 -1 -1 3,364.80 3,525.90 3,652.20 3,850.20 4,040.40 4,200.30 
O-2E -1 -1 -1 3,009.00 3,071.10 3,168.60 3,333.90 3,461.40 3,556.20 
O-1E -1 -1 -1 2,423.10 2,588.40 2,683.80 2,781.30 2,877.60 3,009.00 
W-5 4,423.80 4,591.20 -1 4,724.10 4,923.30 
W-4 2,592.00 2,781.30 -1 2,844.30 2,974.20 3,105.00 3,235.50 3,461.40 3,622.20 3,749.40 3,850.20 3,974.10 4,107.00 4,235.10 4,427.10 
W-3 2,355.90 2,555.40 -1 2,588.40 2,618.70 2,810.40 2,974.20 3,071.10 3,168.60 3,263.40 3,364.80 3,495.90 3,622.20 3,749.40 
W-2 2,063.40 2,232.60 -1 2,297.40 2,423.10 2,555.40 2,652.60 2,749.80 2,844.30 2,944.50 3,041.10 3,136.80 3,263.40 
W-1 1,719.00 1,971.00 -1 2,135.70 2,232.60 2,328.00 2,423.10 2,522.70 2,618.70 2,716.20 2,810.40 2,910.90 
E-9 -1 -1 -1 -1 -1 -1 3,015.30 3,083.40 3,152.70 3,225.60 3,298.20 3,361.50 3,537.90 3,675.60 3,882.60 
E-8 -1 -1 -1 -1 -1 2,528.40 2,601.60 2,669.70 2,739.00 2,811.60 2,875.50 2,946.30 3,119.40 3,258.00 3,467.10
E-7 1,765.80 1,906.20 1,976.10 2,045.70 2,115.60 2,182.80 2,252.70 2,323.20 2,427.90 2,496.90 2,566.20 2,599.50 2,774.40 2,912.40 3,119.40 
E-6 1,518.90 1,655.70 1,724.40 1,797.60 1,865.40 1,932.60 2,003.40 2,106.60 2,172.90 2,242.80 2,277.00 
E-5 1,332.60 1,450.50 1,521.00 1,587.30 1,691.70 1,761.00 1,830.00 1,898.10 1,932.60 
E-4 1,242.90 1,312.80 1,390.20 1,497.30 1,556.70 
E-3 1,171.50 1,235.70 1,284.60 1,335.90 
E-2 1,127.40 
E-1>4 1,005.60
E-1<4 930.30 