Rank 2 2 3 4 6 8 10 12 14 16 18 20 22 24 26
O-10 0.00 0.00 0.00 0.00 0.00 0.00 0.00 0.00 0.00 0.00 0.00 12,963.00 13,026.60 13,297.50 13,769.40
O-9 0.00 0.00 0.00 0.00 0.00 0.00 0.00 0.00 0.00 0.00 0.00 11,337.90 11,501.10 11,737.20 12,149.10
O-8 8,022.30 8,285.10 8,459.40 8,508.30 8,725.50 9,089.40 9,173.70 9,519.00 9,618.00 9,915.30 10,345.50 10,742.40 11,007.60 11,007.60 11,007.60
O-7 6,666.00 6,975.60 7,119.00 7,233.00 7,439.10 7,642.50 7,878.30 8,113.50 8,349.00 9,089.40 9,714.60 9,714.60 9,714.60 9,714.60 9,763.80
O-6 4,940.70 5,427.90 5,784.00 5,784.00 5,805.90 6,054.90 6,087.90 6,087.90 6,433.80 7,045.50 7,404.60 7,763.40 7,967.70 8,174.10 8,575.50
O-5 4,118.70 4,639.80 4,961.10 5,021.40 5,221.50 5,341.80 5,605.50 5,799.00 6,048.60 6,431.10 6,613.20 6,793.20 6,997.50 6,997.50 6,997.50
O-4 3,553.80 4,113.90 4,388.40 4,449.60 4,704.30 4,977.60 5,317.50 5,582.70 5,766.60 5,872.20 5,933.70 5,933.70 5,933.70 5,933.70 5,933.70
O-3 3,124.50 3,542.10 3,823.20 4,168.20 4,367.70 4,586.70 4,728.60 4,962.00 5,083.20 5,083.20 5,083.20 5,083.20 5,083.20 5,083.20 5,083.20
O-2 2,699.40 3,074.70 3,541.20 3,660.90 3,736.20 3,736.20 3,736.20 3,736.20 3,736.20 3,736.20 3,736.20 3,736.20 3,736.20 3,736.20 3,736.20
O-1 2,343.60 2,439.00 2,948.10 2,948.10 2,948.10 2,948.10 2,948.10 2,948.10 2,948.10 2,948.10 2,948.10 2,948.10 2,948.10 2,948.10 2,948.10
O-3E 0.00 0.00 0.00 4,168.20 4,367.70 4,586.70 4,728.60 4,962.00 5,158.50 5,271.00 5,424.60 5,424.60 5,424.60 5,424.60 5,424.60
O-2E 0.00 0.00 0.00 3,660.90 3,736.20 3,855.30 4,055.70 4,211.10 4,326.60 4,326.60 4,326.60 4,326.60 4,326.60 4,326.60 4,326.60
O-1E 0.00 0.00 0.00 2,948.10 3,148.80 3,264.90 3,383.70 3,500.70 3,660.90 3,660.90 3,660.90 3,660.90 3,660.90 3,660.90 3,660.90
W-5 0.00 0.00 0.00 0.00 0.00 0.00 0.00 0.00 0.00 0.00 0.00 5,548.20 5,738.40 5,929.20 6,121.20
W-4 3,228.60 3,473.40 3,573.30 3,671.40 3,840.30 4,007.10 4,176.30 4,341.00 4,511.70 4,779.00 4,950.00 5,117.40 5,290.80 5,461.80 5,636.40
W-3 2,948.40 3,071.70 3,197.40 3,238.80 3,371.10 3,522.30 3,721.80 3,918.90 4,128.30 4,285.50 4,442.10 4,509.30 4,578.90 4,730.10 4,881.30
W-2 2,593.50 2,741.70 2,871.30 2,965.50 3,046.20 3,268.20 3,438.00 3,564.00 3,687.00 3,771.30 3,842.40 3,977.40 4,111.50 4,247.40 4,247.40
W-1 2,290.20 2,477.70 2,603.10 2,684.40 2,900.40 3,030.90 3,146.40 3,275.40 3,360.90 3,438.30 3,564.30 3,659.70 3,659.70 3,659.70 3,659.70
E-9 0.00 0.00 0.00 0.00 0.00 0.00 3,901.20 3,989.70 4,101.00 4,232.40 4,364.10 4,575.90 4,755.00 4,943.70 5,231.70
E-8 0.00 0.00 0.00 0.00 0.00 3,193.50 3,334.80 3,422.10 3,527.10 3,640.50 3,845.40 3,949.20 4,125.90 4,224.00 4,465.20
E-7 2,220.00 2,423.10 2,515.80 2,638.80 2,734.50 2,899.50 2,992.20 3,084.60 3,249.60 3,332.40 3,410.70 3,458.70 3,620.40 3,725.10 3,990.00
E-6 1,920.30 2,112.60 2,205.90 2,296.50 2,391.00 2,604.30 2,687.10 2,779.20 2,859.90 2,888.70 2,908.20 2,908.20 2,908.20 2,908.20 2,908.20
E-5 1,759.50 1,877.10 1,967.70 2,060.70 2,205.30 2,329.80 2,421.60 2,450.70 2,450.70 2,450.70 2,450.70 2,450.70 2,450.70 2,450.70 2,450.70
E-4 1,612.80 1,695.60 1,787.10 1,877.70 1,957.80 
E-3 1,456.20 1,547.70 1,641.00 1,641.00 1,641.00 
E-2 1,384.50 1,384.50 1,384.50 1,384.50 1,384.50 
E-1>4 1,235.10 1,235.10 1,235.10 1,235.10 1,235.10 
E-1<4 1,142.70 