Rank 20 22 24 26 28 30 32 34 36 38 40
O-10 15188.10 15262.20 15579.60 16132.50 16132.50 16939.20 16939.20 17785.80 17785.80 18675.30 18675.30
O-9 13283.70 13475.10 13751.40 14233.80 14233.80 14946.00 14946.00 15693.30 15693.30 16477.80 16477.80
O-8 12586.20 12896.70 12896.70 12896.70 12896.70 13219.20 13219.20 13549.80 13549.80 13549.80 13549.80
O-7 11381.40 11381.40 11381.40 11439.30 11439.30 11668.20 11668.20 11668.20 11668.20 11668.20 11668.20
O-6 9095.70 9334.80 9577.20 10047.00 10047.00 10247.70 10247.70 10247.70 10247.70 10247.70 10247.70
O-5 7959.00 8198.40 8198.40 8198.40 8198.40 8198.40 8198.40 8198.40 8198.40 8198.40 8198.40
O-4 6951.90 6951.90 6951.90 6951.90 6951.90 6951.90 6951.90 6951.90 6951.90 6951.90 6951.90
O-3 5955.60 5955.60 5955.60 5955.60 5955.60 5955.60 5955.60 5955.60 5955.60 5955.60 5955.60
O-2 4377.30 4377.30 4377.30 4377.30 4377.30 4377.30 4377.30 4377.30 4377.30 4377.30 4377.30
O-1 3454.20 3454.20 3454.20 3454.20 3454.20 3454.20 3454.20 3454.20 3454.20 3454.20 3454.20
O-3E 6355.80 6355.80 6355.80 6355.80 6355.80 6355.80 6355.80 6355.80 6355.80 6355.80 6355.80
O-2E 5069.10 5069.10 5069.10 5069.10 5069.10 5069.10 5069.10 5069.10 5069.10 5069.10 5069.10
O-1E 4289.10 4289.10 4289.10 4289.10 4289.10 4289.10 4289.10 4289.10 4289.10 4289.10 4289.10
W-5 6726.60 7068.00 7322.10 7603.50 7603.50 7983.90 7983.90 8383.20 8383.20 8802.60 8802.60
W-4 6104.10 6396.00 6635.40 6909.00 6909.00 7047.00 7047.00 7047.00 7047.00 7047.00 7047.00
W-3 5606.70 5736.00 5873.40 6060.00 6060.00 6060.00 6060.00 6060.00 6060.00 6060.00 6060.00
W-2 4918.80 5021.40 5102.70 5102.70 5102.70 5102.70 5102.70 5102.70 5102.70 5102.70 5102.70
W-1 4636.80 4636.80 4636.80 4636.80 4636.80 4636.80 4636.80 4636.80 4636.80 4636.80 4636.80
E-9 5361.60 5571.30 5792.40 6129.90 6129.90 6436.20 6436.20 6758.40 6758.40 7096.50 7096.50
E-8 4626.90 4833.90 4948.50 5231.40 5231.40 5336.40 5336.40 5336.40 5336.40 5336.40 5336.40
E-7 4131.30 4282.80 4364.40 4674.60 4674.60 4674.60 4674.60 4674.60 4674.60 4674.60 4674.60
E-6 3484.50 3484.50 3484.50 3484.50 3484.50 3484.50 3484.50 3484.50 3484.50 3484.50 3484.50
E-5 2924.70 2924.70 2924.70 2924.70 2924.70 2924.70 2924.70 2924.70 2924.70 2924.70 2924.70
E-4 2293.80 2293.80 2293.80 2293.80 2293.80 2293.80 2293.80 2293.80 2293.80 2293.80 2293.80
E-3 1923.00 1923.00 1923.00 1923.00 1923.00 1923.00 1923.00 1923.00 1923.00 1923.00 1923.00
E-2 1622.10 1622.10 1622.10 1622.10 1622.10 1622.10 1622.10 1622.10 1622.10 1622.10 1622.10