Pay Grade 2 or less Over 2 Over 3 Over 4 Over 6 Over 8 Over 10 Over 12 Over 14 Over 16 Over 18
O-10
O-9
O-8 9,946.20 10,272.00 10,488.30 10,548.60 10,818.60 11,269.20 11,373.90 11,802.00 11,924.70 12,293.40 12,827.10
O-7 8,264.40 8,648.40 8,826.00 8,967.30 9,222.90 9,475.80 9,767.70 10,059.00 10,351.20 11,269.20 12,043.80
O-6 6,125.40 6,729.60 7,171.20 7,171.20 7,198.50 7,507.20 7,547.70 7,547.70 7,976.70 8,735.10 9,180.30
O-5 5,106.60 5,752.50 6,150.60 6,225.60 6,474.30 6,622.80 6,949.50 7,189.50 7,499.70 7,974.00 8,199.30
O-4 4,405.80 5,100.30 5,440.80 5,516.40 5,832.30 6,171.00 6,593.10 6,921.30 7,149.60 7,280.70 7,356.60
O-3 3,873.90 4,391.40 4,739.70 5,167.80 5,415.30 5,687.10 5,862.60 6,151.50 6,302.40 6,302.40 6,302.40
O-2 3,347.10 3,812.10 4,390.50 4,538.70 4,632.30 4,632.30 4,632.30 4,632.30 4,632.30 4,632.30 4,632.30
O-1 2,905.20 3,024.00 3,655.50 3,655.50 3,655.50 3,655.50 3,655.50 3,655.50 3,655.50 3,655.50 3,655.50
O-3E 5,167.80 5,415.30 5,687.10 5,862.60 6,151.50 6,395.40 6,535.50 6,726.00
O-2E 4,538.70 4,632.30 4,779.90 5,028.60 5,220.90 5,364.30 5,364.30 5,364.30
O-1E 3,655.50 3,903.30 4,047.90 4,195.20 4,340.10 4,538.70 4,538.70 4,538.70
W-5
W-4 4,003.50 4,306.50 4,429.80 4,551.60 4,761.00 4,968.30 5,178.00 5,493.90 5,770.50 6,033.90 6,249.30
W-3 3,655.80 3,808.20 3,964.50 4,015.80 4,179.60 4,501.80 4,837.20 4,995.00 5,177.70 5,366.10 5,704.50
W-2 3,234.90 3,540.90 3,635.40 3,699.90 3,909.90 4,236.00 4,397.40 4,556.40 4,751.10 4,902.90 5,040.60
W-1 2,839.80 3,145.20 3,227.40 3,401.10 3,606.60 3,909.30 4,050.60 4,247.70 4,442.40 4,595.40 4,735.80
E-9 4,836.90 4,946.40 5,084.70 5,246.70 5,411.10
E-8 3,959.40 4,134.30 4,242.90 4,372.80 4,513.80 4,767.60
E-7 2,752.50 3,004.20 3,119.10 3,271.50 3,390.60 3,594.90 3,709.80 3,914.40 4,084.20 4,200.30 4,323.90
E-6 2,380.80 2,619.60 2,735.10 2,847.60 2,964.90 3,228.60 3,331.50 3,530.40 3,591.30 3,635.70 3,687.30
E-5 2,181.00 2,327.40 2,440.20 2,555.10 2,734.50 2,922.30 3,076.20 3,094.80 3,094.80 3,094.80 3,094.80
E-4 1,999.50 2,101.80 2,215.80 2,328.00 2,427.30 2,427.30 2,427.30 2,427.30 2,427.30 2,427.30 2,427.30
E-3 1,805.40 1,918.80 2,034.90 2,034.90 2,034.90 2,034.90 2,034.90 2,034.90 2,034.90 2,034.90 2,034.90
E-2 1,716.90 1,716.90 1,716.90 1,716.90 1,716.90 1,716.90 1,716.90 1,716.90 1,716.90 1,716.90 1,716.90
E-1 1,531.50

Pay Grade Over 20 Over 22 Over 24 Over 26 Over28 Over 30 Over 32 Over 34 Over 36 Over 38 Over 40
O-10 16,072.20 16,150.50 16,486.80 17,071.50 17,071.50 17,925.30 17,925.30 18,821.10 18,821.10 19,762.50 19,762.50
O-9 14,056.80 14,259.90 14,552.10 15,062.40 15,062.40 15,816.00 15,816.00 16,606.80 16,606.80 17,436.90 17,436.90
O-8 13,319.10 13,647.30 13,647.30 13,647.30 13,647.30 13,989.00 13,989.00 14,338.50 14,338.50 14,338.50 14,338.50
O-7 12,043.80 12,043.80 12,043.80 12,105.60 12,105.60 12,347.70 12,347.70 12,347.70 12,347.70 12,347.70 12,347.70
O-6 9,625.20 9,878.40 10,134.60 10,632.00 10,632.00 10,844.10 10,844.10 10,844.10 10,844.10 10,844.10 10,844.10
O-5 8,422.20 8,675.70 8,675.70 8,675.70 8,675.70 8,675.70 8,675.70 8,675.70 8,675.70 8,675.70 8,675.70
O-4 7,356.60 7,356.60 7,356.60 7,356.60 7,356.60 7,356.60 7,356.60 7,356.60 7,356.60 7,356.60 7,356.60
O-3 6,302.40 6,302.40 6,302.40 6,302.40 6,302.40 6,302.40 6,302.40 6,302.40 6,302.40 6,302.40 6,302.40
O-2 4,632.30 4,632.30 4,632.30 4,632.30 4,632.30 4,632.30 4,632.30 4,632.30 4,632.30 4,632.30 4,632.30
O-1 3,655.50 3,655.50 3,655.50 3,655.50 3,655.50 3,655.50 3,655.50 3,655.50 3,655.50 3,655.50 3,655.50
O-3E 6,726.00 6,726.00 6,726.00 6,726.00 6,726.00 6,726.00 6,726.00 6,726.00 6,726.00 6,726.00 6,726.00
O-2E 5,364.30 5,364.30 5,364.30 5,364.30 5,364.30 5,364.30 5,364.30 5,364.30 5,364.30 5,364.30 5,364.30
O-1E 4,538.70 4,538.70 4,538.70 4,538.70 4,538.70 4,538.70 4,538.70 4,538.70 4,538.70 4,538.70 4,538.70
W-5 7,118.40 7,479.60 7,748.40 8,046.30 8,046.30 8,448.90 8,448.90 8,871.00 8,871.00 9,315.00 9,315.00
W-4 6,459.30 6,768.00 7,021.80 7,311.00 7,311.00 7,457.10 7,457.10 7,457.10 7,457.10 7,457.10 7,457.10
W-3 5,933.10 6,069.90 6,215.40 6,413.10 6,413.10 6,413.10 6,413.10 6,413.10 6,413.10 6,413.10 6,413.10
W-2 5,205.30 5,313.60 5,399.70 5,399.70 5,399.70 5,399.70 5,399.70 5,399.70 5,399.70 5,399.70 5,399.70
W-1 4,906.80 4,906.80 4,906.80 4,906.80 4,906.80 4,906.80 4,906.80 4,906.80 4,906.80 4,906.80 4,906.80
E-9 5,673.60 5,895.60 6,129.30 6,486.90 6,486.90 6,810.90 6,810.90 7,151.70 7,151.70 7,509.60 7,509.60
E-8 4,896.30 5,115.30 5,236.80 5,535.90 5,535.90 5,647.20 5,647.20 5,647.20 5,647.20 5,647.20 5,647.20
E-7 4,371.60 4,532.40 4,618.50 4,946.70 4,946.70 4,946.70 4,946.70 4,946.70 4,946.70 4,946.70 4,946.70
E-6 3,687.30 3,687.30 3,687.30 3,687.30 3,687.30 3,687.30 3,687.30 3,687.30 3,687.30 3,687.30 3,687.30
E-5 3,094.80 3,094.80 3,094.80 3,094.80 3,094.80 3,094.80 3,094.80 3,094.80 3,094.80 3,094.80 3,094.80
E-4 2,427.30 2,427.30 2,427.30 2,427.30 2,427.30 2,427.30 2,427.30 2,427.30 2,427.30 2,427.30 2,427.30
E-3 2,034.90 2,034.90 2,034.90 2,034.90 2,034.90 2,034.90 2,034.90 2,034.90 2,034.90 2,034.90 2,034.90
E-2 1,716.90 1,716.90 1,716.90 1,716.90 1,716.90 1,716.90 1,716.90 1,716.90 1,716.90 1,716.90 1,716.90
