Rank 2 2 3 4 6 8 10 12 14 16 18
O-10
O-9
O-8 9,946.20 10,272.00 10,488.30 10,548.60 10,818.60 11,269.20 11,373.90 11,802.00 11,924.70 12,293.40 12,827.10
O-7 8,264.40 8,648.40 8,826.00 8,967.30 9,222.90 9,475.80 9,767.70 10,059.00 10,351.20 11,269.20 12,043.80
O-6 6,186.60 6,796.80 7,242.90 7,242.90 7,270.50 7,582.20 7,623.30 7,623.30 8,056.50 8,822.40 9,272.10
O-5 5,157.60 5,810.10 6,212.10 6,288.00 6,539.10 6,689.10 7,019.10 7,261.50 7,574.70 8,053.80 8,281.20
O-4 4,449.90 5,151.30 5,495.10 5,571.60 5,890.50 6,232.80 6,659.10 6,990.60 7,221.00 7,353.60 7,430.10
O-3 3,912.60 4,435.20 4,787.10 5,219.40 5,469.60 5,744.10 5,921.10 6,213.00 6,365.40 6,365.40 6,365.40
O-2 3,380.70 3,850.20 4,434.30 4,584.00 4,678.50 4,678.50 4,678.50 4,678.50 4,678.50 4,678.50 4,678.50
O-1 2,934.30 3,054.30 3,692.10 3,692.10 3,692.10 3,692.10 3,692.10 3,692.10 3,692.10 3,692.10 3,692.10
O-3E 5,219.40 5,469.60 5,744.10 5,921.10 6,213.00 6,459.30 6,600.90 6,793.20
O-2E 4,584.00 4,678.50 4,827.60 5,079.00 5,273.10 5,418.00 5,418.00 5,418.00
O-1E 3,692.10 3,942.30 4,088.40 4,237.20 4,383.60 4,584.00 4,584.00 4,584.00
W-5
W-4 4,043.40 4,349.70 4,474.20 4,597.20 4,808.70 5,018.10 5,229.90 5,548.80 5,828.10 6,094.20 6,311.70
W-3 3,692.40 3,846.30 4,004.10 4,056.00 4,221.30 4,546.80 4,885.50 5,045.10 5,229.60 5,419.80 5,761.50
W-2 3,267.30 3,576.30 3,671.70 3,736.80 3,948.90 4,278.30 4,441.50 4,602.00 4,798.50 4,951.80 5,091.00
W-1 2,868.30 3,176.70 3,259.80 3,435.00 3,642.60 3,948.30 4,091.10 4,290.30 4,486.80 4,641.30 4,783.20
E-9 4,885.20 4,995.90 5,135.40 5,299.20 5,465.10
E-8 3,999.00 4,175.70 4,285.20 4,416.60 4,558.80 4,815.30
E-7 2,780.10 3,034.20 3,150.30 3,304.20 3,424.50 3,630.90 3,747.00 3,953.40 4,125.00 4,242.30 4,367.10
E-6 2,404.50 2,645.70 2,762.40 2,876.10 2,994.60 3,261.00 3,364.80 3,565.80 3,627.30 3,672.00 3,724.20
E-5 2,202.90 2,350.80 2,464.50 2,580.60 2,761.80 2,951.40 3,107.10 3,125.70 3,125.70 3,125.70 3,125.70
E-4 2,019.60 2,122.80 2,238.00 2,351.40 2,451.60 2,451.60 2,451.60 2,451.60 2,451.60 2,451.60 2,451.60
E-3 1,823.40 1,938.00 2,055.30 2,055.30 2,055.30 2,055.30 2,055.30 2,055.30 2,055.30 2,055.30 2,055.30
E-2 1,734.00 1,734.00 1,734.00 1,734.00 1,734.00 1,734.00 1,734.00 1,734.00 1,734.00 1,734.00 1,734.00
E-1 1,546.80