Rank 20 22 24 26 28 30 32 34 36 38 40
O-10 16,072.20 16,150.50 16,486.80 17,071.50 17,071.50 17,925.30 17,925.30 18,821.10 18,821.10 19,762.50 19,762.50
O-9 14,056.80 14,259.90 14,552.10 15,062.40 15,062.40 15,816.00 15,816.00 16,606.80 16,606.80 17,436.90 17,436.90
O-8 13,319.10 13,647.30 13,647.30 13,647.30 13,647.30 13,989.00 13,989.00 14,338.50 14,338.50 14,338.50 14,338.50
O-7 12,043.80 12,043.80 12,043.80 12,105.60 12,105.60 12,347.70 12,347.70 12,347.70 12,347.70 12,347.70 12,347.70
O-6 9,721.50 9,977.10 10,236.00 10,738.20 10,738.20 10,952.40 10,952.40 10,952.40 10,952.40 10,952.40 10,952.40
O-5 8,506.50 8,762.40 8,762.40 8,762.40 8,762.40 8,762.40 8,762.40 8,762.40 8,762.40 8,762.40 8,762.40
O-4 7,430.10 7,430.10 7,430.10 7,430.10 7,430.10 7,430.10 7,430.10 7,430.10 7,430.10 7,430.10 7,430.10
O-3 6,365.40 6,365.40 6,365.40 6,365.40 6,365.40 6,365.40 6,365.40 6,365.40 6,365.40 6,365.40 6,365.40
O-2 4,678.50 4,678.50 4,678.50 4,678.50 4,678.50 4,678.50 4,678.50 4,678.50 4,678.50 4,678.50 4,678.50
O-1 3,692.10 3,692.10 3,692.10 3,692.10 3,692.10 3,692.10 3,692.10 3,692.10 3,692.10 3,692.10 3,692.10
O-3E 6,793.20 6,793.20 6,793.20 6,793.20 6,793.20 6,793.20 6,793.20 6,793.20 6,793.20 6,793.20 6,793.20
O-2E 5,418.00 5,418.00 5,418.00 5,418.00 5,418.00 5,418.00 5,418.00 5,418.00 5,418.00 5,418.00 5,418.00
O-1E 4,584.00 4,584.00 4,584.00 4,584.00 4,584.00 4,584.00 4,584.00 4,584.00 4,584.00 4,584.00 4,584.00
W-5 7,189.50 7,554.30 7,825.80 8,126.70 8,126.70 8,533.50 8,533.50 8,959.80 8,959.80 9,408.30 9,408.30
W-4 6,523.80 6,835.80 7,092.00 7,384.20 7,384.20 7,531.80 7,531.80 7,531.80 7,531.80 7,531.80 7,531.80
W-3 5,992.50 6,130.50 6,277.50 6,477.30 6,477.30 6,477.30 6,477.30 6,477.30 6,477.30 6,477.30 6,477.30
W-2 5,257.50 5,366.70 5,453.70 5,453.70 5,453.70 5,453.70 5,453.70 5,453.70 5,453.70 5,453.70 5,453.70
W-1 4,956.00 4,956.00 4,956.00 4,956.00 4,956.00 4,956.00 4,956.00 4,956.00 4,956.00 4,956.00 4,956.00
E-9 5,730.30 5,954.70 6,190.50 6,551.70 6,551.70 6,879.00 6,879.00 7,223.10 7,223.10 7,584.60 7,584.60
E-8 4,945.20 5,166.60 5,289.30 5,591.40 5,591.40 5,703.60 5,703.60 5,703.60 5,703.60 5,703.60 5,703.60
E-7 4,415.40 4,577.70 4,664.70 4,996.20 4,996.20 4,996.20 4,996.20 4,996.20 4,996.20 4,996.20 4,996.20
E-6 3,724.20 3,724.20 3,724.20 3,724.20 3,724.20 3,724.20 3,724.20 3,724.20 3,724.20 3,724.20 3,724.20
E-5 3,125.70 3,125.70 3,125.70 3,125.70 3,125.70 3,125.70 3,125.70 3,125.70 3,125.70 3,125.70 3,125.70
E-4 2,451.60 2,451.60 2,451.60 2,451.60 2,451.60 2,451.60 2,451.60 2,451.60 2,451.60 2,451.60 2,451.60
E-3 2,055.30 2,055.30 2,055.30 2,055.30 2,055.30 2,055.30 2,055.30 2,055.30 2,055.30 2,055.30 2,055.30
E-2 1,734.00 1,734.00 1,734.00 1,734.00 1,734.00 1,734.00 1,734.00 1,734.00 1,734.00 1,734.00 1,734.00
